[LEFT_CAM_2K]
cx=1108.73
cy=601.867
fx=1403.23
fy=1404.02
k1=-0.1711663181493472
k2=0.021865983077287092
k3=0.002397206831155353
p1=0.0011074775036802593
p2=0.00044770871586580853

[LEFT_CAM_FHD]
cx=964.733
cy=520.867
fx=1403.23
fy=1404.02
k1=-0.1711663181493472
k2=0.021865983077287092
k3=0.002397206831155353
p1=0.0011074775036802593
p2=0.00044770871586580853

[LEFT_CAM_HD]
cx=640.866
cy=348.933
fx=701.616
fy=702.012
k1=-0.1711663181493472
k2=0.021865983077287092
k3=0.002397206831155353
p1=0.0011074775036802593
p2=0.00044770871586580853

[LEFT_CAM_VGA]
cx=335.933
cy=181.967
fx=350.808
fy=351.006
k1=-0.1711663181493472
k2=0.021865983077287092
k3=0.002397206831155353
p1=0.0011074775036802593
p2=0.00044770871586580853

[RIGHT_CAM_2K]
cx=1085.44
cy=578.445
fx=1397.92
fy=1398.33
k1=-0.17369646542443876
k2=0.026051481272408097
k3=0.0006729017295485476
p1=0.000861215469442798
p2=0.00030855723712000836

[RIGHT_CAM_FHD]
cx=941.441
cy=497.445
fx=1397.92
fy=1398.33
k1=-0.17369646542443876
k2=0.026051481272408097
k3=0.0006729017295485476
p1=0.000861215469442798
p2=0.00030855723712000836

[RIGHT_CAM_HD]
cx=629.22
cy=337.222
fx=698.96
fy=699.165
k1=-0.17369646542443876
k2=0.026051481272408097
k3=0.0006729017295485476
p1=0.000861215469442798
p2=0.00030855723712000836

[RIGHT_CAM_VGA]
cx=330.11
cy=176.111
fx=349.48
fy=349.582
k1=-0.17369646542443876
k2=0.026051481272408097
k3=0.0006729017295485476
p1=0.000861215469442798
p2=0.00030855723712000836

[STEREO]
Baseline=119.953
CV_2K=-0.00327343
CV_FHD=-0.00327343
CV_HD=-0.00327343
CV_VGA=-0.00327343
RX_2K=0.0211046
RX_FHD=0.0211046
RX_HD=0.0211046
RX_VGA=0.0211046
RZ_2K=-0.00411552
RZ_FHD=-0.00411552
RZ_HD=-0.00411552
RZ_VGA=-0.00411552
